-0.0150780445	-0.49980092	0.006443117	0.2572727	0.021727813	0.046208378	-0.017750103	-0.025240496	-0.04889197	0.37211877	
***0.1***
--------------------------------------------------
-0.026133502	-0.46784204	0.0015770143	0.24476746	0.02918978	0.06525444	-0.019319262	-0.014091141	-0.07824634	0.36185297	
***0.09000000000000001***
--------------------------------------------------
-0.03260045	-0.44797853	-0.0018816979	0.23527364	0.03470887	0.080751866	-0.02030262	-0.002891311	-0.10153102	0.3534605	
***0.08100000000000002***
--------------------------------------------------
-0.03728423	-0.43382502	-0.0044957893	0.22808607	0.039017525	0.09418989	-0.021109095	0.0066992673	-0.120782055	0.34651282	
***0.07290000000000002***
--------------------------------------------------
-0.04094607	-0.4230039	-0.006523853	0.22235096	0.042499363	0.10598306	-0.021811409	0.014857014	-0.13710466	0.34070876	
***0.06561000000000002***
--------------------------------------------------
-0.043934308	-0.41438723	-0.008121748	0.21762252	0.04537301	0.11637272	-0.02242575	0.021845257	-0.15114275	0.33580768	
***0.05904900000000002***
--------------------------------------------------
-0.046438206	-0.4073422	-0.009398844	0.21364143	0.047776185	0.125555	-0.022959732	0.027880574	-0.16332442	0.33161953	
***0.05314410000000002***
--------------------------------------------------
-0.048576552	-0.4014758	-0.010430552	0.2102444	0.049815238	0.13368624	-0.023421485	0.03312465	-0.17396471	0.32800803	
***0.04782969000000002***
--------------------------------------------------
-0.050426967	-0.39652497	-0.011273506	0.20731893	0.05156543	0.14090185	-0.023820536	0.037705306	-0.18330334	0.32486725	
***0.043046721000000024***
--------------------------------------------------
-0.05204111	-0.39230207	-0.0119673135	0.20478567	0.053078122	0.14731188	-0.024165146	0.041722972	-0.19153441	0.32212073	
***0.03874204890000002***
--------------------------------------------------
-0.053463653	-0.38867235	-0.012543488	0.20258428	0.054399222	0.15301551	-0.024461927	0.045257643	-0.19880933	0.3197035	
***0.03486784401000002***
--------------------------------------------------
-0.054723084	-0.38553184	-0.0130234	0.20066416	0.05555959	0.15809365	-0.024716698	0.048376553	-0.20525819	0.3175687	
***0.03138105960900001***
--------------------------------------------------
-0.05584373	-0.38280022	-0.013426212	0.19898623	0.056585558	0.16262256	-0.024936592	0.05113622	-0.21098801	0.3156737	
***0.028242953648100012***
--------------------------------------------------
-0.056843504	-0.38041326	-0.013767672	0.19751823	0.0574961	0.16666202	-0.025126014	0.053579677	-0.21608664	0.31399047	
***0.025418658283290013***
--------------------------------------------------
-0.0577389	-0.37831834	-0.014058095	0.19622988	0.058307618	0.1702709	-0.02528954	0.055750564	-0.22063398	0.31248942	
***0.022876792454961013***
--------------------------------------------------
-0.05854228	-0.37647548	-0.014305025	0.19509986	0.05903142	0.1734961	-0.025431039	0.05767961	-0.22469456	0.31115085	
***0.020589113209464913***
--------------------------------------------------
-0.059264686	-0.37485012	-0.014516473	0.19410637	0.059679266	0.17638063	-0.025552686	0.05939644	-0.22832417	0.30995488	
***0.01853020188851842***
--------------------------------------------------
-0.05991408	-0.37341192	-0.014698847	0.19323266	0.060261592	0.17896113	-0.025658753	0.060926106	-0.23157218	0.30888373	
***0.01667718169966658***
--------------------------------------------------
-0.060499113	-0.37213704	-0.014856714	0.19246267	0.06078354	0.18127348	-0.025751632	0.062290784	-0.23448122	0.30792454	
***0.015009463529699923***
--------------------------------------------------
-0.061026156	-0.37100536	-0.014993591	0.19178365	0.061253317	0.18334393	-0.025830798	0.06350973	-0.23708881	0.30706355	
***0.013508517176729932***
--------------------------------------------------
