-0.012359	-0.5000124	0.014500824	0.2528257	0.02742113	0.048904754	-0.021492181	-0.020357661	-0.054127414	0.3617056	
***0.1***
--------------------------------------------------
-0.022475196	-0.47090548	0.0048258025	0.24128696	0.035795316	0.06670991	-0.023673933	-0.006520017	-0.08161207	0.35357803	
***0.09000000000000001***
--------------------------------------------------
-0.029119829	-0.45148715	-0.00059750734	0.23370624	0.04116511	0.08190712	-0.024930846	0.0043560416	-0.10428528	0.34629554	
***0.08100000000000002***
--------------------------------------------------
-0.034268476	-0.4373327	-0.003959452	0.22789235	0.045178615	0.09514486	-0.02572897	0.013129146	-0.12328662	0.34024072	
***0.07290000000000002***
--------------------------------------------------
-0.03847558	-0.42637435	-0.0062832898	0.22313114	0.048301425	0.10678569	-0.026215313	0.020393662	-0.13944593	0.3351919	
***0.06561000000000002***
--------------------------------------------------
-0.041995082	-0.41757292	-0.008006674	0.21910405	0.05080852	0.11706224	-0.026507806	0.02653526	-0.15333994	0.33092174	
***0.05904900000000002***
--------------------------------------------------
-0.04497867	-0.41032368	-0.009338113	0.21562946	0.05285835	0.12615526	-0.02668138	0.03181101	-0.16538948	0.3272665	
***0.05314410000000002***
--------------------------------------------------
-0.047532644	-0.40425128	-0.010401513	0.21259865	0.05456423	0.13421752	-0.026777925	0.036389206	-0.17590155	0.32410467	
***0.04782969000000002***
--------------------------------------------------
-0.04973358	-0.3990964	-0.011268657	0.20993058	0.056001864	0.1413761	-0.026825402	0.040399313	-0.18511866	0.32134435	
***0.043046721000000024***
--------------------------------------------------
-0.05163794	-0.3946789	-0.011981871	0.20756547	0.057220716	0.14773725	-0.026843226	0.043932147	-0.1932298	0.31892544	
***0.03874204890000002***
--------------------------------------------------
-0.05329384	-0.3908621	-0.012576634	0.2054567	0.058263715	0.15340011	-0.02683897	0.047060788	-0.20039259	0.31679228	
***0.03486784401000002***
--------------------------------------------------
-0.0547387	-0.38754424	-0.013075182	0.20357065	0.05916428	0.15844478	-0.02682365	0.04984063	-0.20673484	0.31490576	
***0.03138105960900001***
--------------------------------------------------
-0.056002654	-0.38464645	-0.013495403	0.2018786	0.059939872	0.16294336	-0.026801433	0.052318618	-0.21235962	0.31323457	
***0.028242953648100012***
--------------------------------------------------
-0.057110872	-0.38210264	-0.013851255	0.20035636	0.0606138	0.16695783	-0.02677532	0.05453181	-0.21736163	0.31175146	
***0.025418658283290013***
--------------------------------------------------
-0.058084574	-0.37986404	-0.014152816	0.1989858	0.061199006	0.17054307	-0.02674739	0.056512363	-0.22181387	0.3104319	
***0.022876792454961013***
--------------------------------------------------
-0.058942296	-0.37788662	-0.014409909	0.1977497	0.061709467	0.1737483	-0.026720168	0.058286786	-0.22578466	0.30925882	
***0.020589113209464913***
--------------------------------------------------
-0.05969905	-0.37613574	-0.014628088	0.19663554	0.06215404	0.17661282	-0.02669332	0.059877027	-0.22932974	0.3082159	
***0.01853020188851842***
--------------------------------------------------
-0.0603679	-0.3745822	-0.01481498	0.19562966	0.062543646	0.17917727	-0.02666853	0.061305337	-0.23249833	0.3072854	
***0.01667718169966658***
--------------------------------------------------
-0.06095998	-0.3732014	-0.014974996	0.19472067	0.06288516	0.18147203	-0.026644984	0.06258749	-0.23533179	0.30645728	
***0.015009463529699923***
--------------------------------------------------
-0.061484024	-0.3719725	-0.015111039	0.1939001	0.063183665	0.18352807	-0.026623685	0.06374027	-0.23786947	0.30571803	
***0.013508517176729932***
--------------------------------------------------
