ExpType VarySize
client 0 [0, 49]
client 1 [49, 148]
client 2 [148, 296]
client 3 [296, 493]
client 4 [493, 740]
client 5 [740, 1036]
client 6 [1036, 1382]
client 7 [1382, 1776]
client 8 [1776, 2221]
client 9 [2221, 2714]
client 10 [2714, 3257]
client 11 [3257, 3849]
client 12 [3849, 4491]
client 13 [4491, 5182]
client 14 [5182, 5923]
client 0 [0, 56]
client 1 [56, 168]
client 2 [168, 337]
client 3 [337, 561]
client 4 [561, 842]
client 5 [842, 1179]
client 6 [1179, 1573]
client 7 [1573, 2022]
client 8 [2022, 2528]
client 9 [2528, 3090]
client 10 [3090, 3708]
client 11 [3708, 4382]
client 12 [4382, 5112]
client 13 [5112, 5899]
client 14 [5899, 6742]
client 0 [0, 49]
client 1 [49, 148]
client 2 [148, 297]
client 3 [297, 496]
client 4 [496, 744]
client 5 [744, 1042]
client 6 [1042, 1390]
client 7 [1390, 1787]
client 8 [1787, 2234]
client 9 [2234, 2730]
client 10 [2730, 3276]
client 11 [3276, 3872]
client 12 [3872, 4518]
client 13 [4518, 5213]
client 14 [5213, 5958]
client 0 [0, 51]
client 1 [51, 153]
client 2 [153, 306]
client 3 [306, 510]
client 4 [510, 766]
client 5 [766, 1072]
client 6 [1072, 1430]
client 7 [1430, 1839]
client 8 [1839, 2299]
client 9 [2299, 2810]
client 10 [2810, 3372]
client 11 [3372, 3985]
client 12 [3985, 4649]
client 13 [4649, 5364]
client 14 [5364, 6131]
client 0 [0, 48]
client 1 [48, 146]
client 2 [146, 292]
client 3 [292, 486]
client 4 [486, 730]
client 5 [730, 1022]
client 6 [1022, 1363]
client 7 [1363, 1752]
client 8 [1752, 2190]
client 9 [2190, 2677]
client 10 [2677, 3213]
client 11 [3213, 3797]
client 12 [3797, 4430]
client 13 [4430, 5111]
client 14 [5111, 5842]
client 0 [0, 45]
client 1 [45, 135]
client 2 [135, 271]
client 3 [271, 451]
client 4 [451, 677]
client 5 [677, 948]
client 6 [948, 1264]
client 7 [1264, 1626]
client 8 [1626, 2032]
client 9 [2032, 2484]
client 10 [2484, 2981]
client 11 [2981, 3523]
client 12 [3523, 4110]
client 13 [4110, 4743]
client 14 [4743, 5421]
client 0 [0, 49]
client 1 [49, 147]
client 2 [147, 295]
client 3 [295, 493]
client 4 [493, 739]
client 5 [739, 1035]
client 6 [1035, 1380]
client 7 [1380, 1775]
client 8 [1775, 2219]
client 9 [2219, 2712]
client 10 [2712, 3254]
client 11 [3254, 3846]
client 12 [3846, 4487]
client 13 [4487, 5178]
client 14 [5178, 5918]
client 0 [0, 52]
client 1 [52, 156]
client 2 [156, 313]
client 3 [313, 522]
client 4 [522, 783]
client 5 [783, 1096]
client 6 [1096, 1461]
client 7 [1461, 1879]
client 8 [1879, 2349]
client 9 [2349, 2871]
client 10 [2871, 3445]
client 11 [3445, 4072]
client 12 [4072, 4750]
client 13 [4750, 5481]
client 14 [5481, 6265]
client 0 [0, 48]
client 1 [48, 146]
client 2 [146, 292]
client 3 [292, 487]
client 4 [487, 731]
client 5 [731, 1023]
client 6 [1023, 1365]
client 7 [1365, 1755]
client 8 [1755, 2194]
client 9 [2194, 2681]
client 10 [2681, 3218]
client 11 [3218, 3803]
client 12 [3803, 4437]
client 13 [4437, 5119]
client 14 [5119, 5851]
client 0 [0, 49]
client 1 [49, 148]
client 2 [148, 297]
client 3 [297, 495]
client 4 [495, 743]
client 5 [743, 1041]
client 6 [1041, 1388]
client 7 [1388, 1784]
client 8 [1784, 2230]
client 9 [2230, 2726]
client 10 [2726, 3271]
client 11 [3271, 3866]
client 12 [3866, 4511]
client 13 [4511, 5205]
client 14 [5205, 5949]
data loaded!
ShapType WB
start calculate!
Now 0 clients: []
accuracy:0.09669999778270721
changes: [[], [], [], [], [], [], [], [], [], [], [], [], [], [], []]
Now 1 clients: [10]
changes: [[], [], [], [], [], [], [], [], [], [], [0.8021000027656555], [], [], [], []]
Now 1 clients: [3]
changes: [[], [], [], [0.7734999656677246], [], [], [], [], [], [], [0.8021000027656555], [], [], [], []]
Now 1 clients: [9]
changes: [[], [], [], [0.7734999656677246], [], [], [], [], [], [0.7985000014305115], [0.8021000027656555], [], [], [], []]
Now 1 clients: [2]
changes: [[], [], [0.7680000066757202], [0.7734999656677246], [], [], [], [], [], [0.7985000014305115], [0.8021000027656555], [], [], [], []]
Now 1 clients: [13]
changes: [[], [], [0.7680000066757202], [0.7734999656677246], [], [], [], [], [], [0.7985000014305115], [0.8021000027656555], [], [], [0.8004999756813049], []]
Now 1 clients: [14]
changes: [[], [], [0.7680000066757202], [0.7734999656677246], [], [], [], [], [], [0.7985000014305115], [0.8021000027656555], [], [], [0.8004999756813049], [0.7997999787330627]]
Now 1 clients: [7]
changes: [[], [], [0.7680000066757202], [0.7734999656677246], [], [], [], [0.7976999878883362], [], [0.7985000014305115], [0.8021000027656555], [], [], [0.8004999756813049], [0.7997999787330627]]
Now 1 clients: [6]
changes: [[], [], [0.7680000066757202], [0.7734999656677246], [], [], [0.7860999703407288], [0.7976999878883362], [], [0.7985000014305115], [0.8021000027656555], [], [], [0.8004999756813049], [0.7997999787330627]]
Now 1 clients: [12]
changes: [[], [], [0.7680000066757202], [0.7734999656677246], [], [], [0.7860999703407288], [0.7976999878883362], [], [0.7985000014305115], [0.8021000027656555], [], [0.8026999831199646], [0.8004999756813049], [0.7997999787330627]]
Now 1 clients: [8]
changes: [[], [], [0.7680000066757202], [0.7734999656677246], [], [], [0.7860999703407288], [0.7976999878883362], [0.7921000123023987], [0.7985000014305115], [0.8021000027656555], [], [0.8026999831199646], [0.8004999756813049], [0.7997999787330627]]
Now 1 clients: [5]
changes: [[], [], [0.7680000066757202], [0.7734999656677246], [], [0.7857999801635742], [0.7860999703407288], [0.7976999878883362], [0.7921000123023987], [0.7985000014305115], [0.8021000027656555], [], [0.8026999831199646], [0.8004999756813049], [0.7997999787330627]]
Now 1 clients: [1]
changes: [[], [0.7289000153541565], [0.7680000066757202], [0.7734999656677246], [], [0.7857999801635742], [0.7860999703407288], [0.7976999878883362], [0.7921000123023987], [0.7985000014305115], [0.8021000027656555], [], [0.8026999831199646], [0.8004999756813049], [0.7997999787330627]]
Now 1 clients: [0]
changes: [[0.661799967288971], [0.7289000153541565], [0.7680000066757202], [0.7734999656677246], [], [0.7857999801635742], [0.7860999703407288], [0.7976999878883362], [0.7921000123023987], [0.7985000014305115], [0.8021000027656555], [], [0.8026999831199646], [0.8004999756813049], [0.7997999787330627]]
Now 1 clients: [4]
changes: [[0.661799967288971], [0.7289000153541565], [0.7680000066757202], [0.7734999656677246], [0.7775999903678894], [0.7857999801635742], [0.7860999703407288], [0.7976999878883362], [0.7921000123023987], [0.7985000014305115], [0.8021000027656555], [], [0.8026999831199646], [0.8004999756813049], [0.7997999787330627]]
Now 1 clients: [11]
changes: [[0.661799967288971], [0.7289000153541565], [0.7680000066757202], [0.7734999656677246], [0.7775999903678894], [0.7857999801635742], [0.7860999703407288], [0.7976999878883362], [0.7921000123023987], [0.7985000014305115], [0.8021000027656555], [0.7978000044822693], [0.8026999831199646], [0.8004999756813049], [0.7997999787330627]]
Shapley Value of each Client: [0.661799967288971, 0.7289000153541565, 0.7680000066757202, 0.7734999656677246, 0.7775999903678894, 0.7857999801635742, 0.7860999703407288, 0.7976999878883362, 0.7921000123023987, 0.7985000014305115, 0.8021000027656555, 0.7978000044822693, 0.8026999831199646, 0.8004999756813049, 0.7997999787330627]
start calculate!
Now 2 clients: [6, 12]
changes: [[0.661799967288971], [0.7289000153541565], [0.7680000066757202], [0.7734999656677246], [0.7775999903678894], [0.7857999801635742], [0.7860999703407288, -7.142765181405204e-05], [0.7976999878883362], [0.7921000123023987], [0.7985000014305115], [0.8021000027656555], [0.7978000044822693], [0.8026999831199646, 0.0011142875467027938], [0.8004999756813049], [0.7997999787330627]]
Now 2 clients: [4, 14]
changes: [[0.661799967288971], [0.7289000153541565], [0.7680000066757202], [0.7734999656677246], [0.7775999903678894, -0.0003071427345275879], [0.7857999801635742], [0.7860999703407288, -7.142765181405204e-05], [0.7976999878883362], [0.7921000123023987], [0.7985000014305115], [0.8021000027656555], [0.7978000044822693], [0.8026999831199646, 0.0011142875467027938], [0.8004999756813049], [0.7997999787330627, 0.0012785707201276506]]
Now 2 clients: [0, 13]
changes: [[0.661799967288971, -0.00038571442876543315], [0.7289000153541565], [0.7680000066757202], [0.7734999656677246], [0.7775999903678894, -0.0003071427345275879], [0.7857999801635742], [0.7860999703407288, -7.142765181405204e-05], [0.7976999878883362], [0.7921000123023987], [0.7985000014305115], [0.8021000027656555], [0.7978000044822693], [0.8026999831199646, 0.0011142875467027938], [0.8004999756813049, 0.009521429027829851], [0.7997999787330627, 0.0012785707201276506]]
Now 2 clients: [5, 6]
changes: [[0.661799967288971, -0.00038571442876543315], [0.7289000153541565], [0.7680000066757202], [0.7734999656677246], [0.7775999903678894, -0.0003071427345275879], [0.7857999801635742, 0.0005214299474443708], [0.7860999703407288, -7.142765181405204e-05, 0.0005428578172411237], [0.7976999878883362], [0.7921000123023987], [0.7985000014305115], [0.8021000027656555], [0.7978000044822693], [0.8026999831199646, 0.0011142875467027938], [0.8004999756813049, 0.009521429027829851], [0.7997999787330627, 0.0012785707201276506]]
Now 2 clients: [2, 13]
changes: [[0.661799967288971, -0.00038571442876543315], [0.7289000153541565], [0.7680000066757202, -0.0002142829554421561], [0.7734999656677246], [0.7775999903678894, -0.0003071427345275879], [0.7857999801635742, 0.0005214299474443708], [0.7860999703407288, -7.142765181405204e-05, 0.0005428578172411237], [0.7976999878883362], [0.7921000123023987], [0.7985000014305115], [0.8021000027656555], [0.7978000044822693], [0.8026999831199646, 0.0011142875467027938], [0.8004999756813049, 0.009521429027829851, 0.0021071434020996094], [0.7997999787330627, 0.0012785707201276506]]
Now 2 clients: [1, 5]
changes: [[0.661799967288971, -0.00038571442876543315], [0.7289000153541565, -0.0005071418625967843], [0.7680000066757202, -0.0002142829554421561], [0.7734999656677246], [0.7775999903678894, -0.0003071427345275879], [0.7857999801635742, 0.0005214299474443708, 0.0035571413380759104], [0.7860999703407288, -7.142765181405204e-05, 0.0005428578172411237], [0.7976999878883362], [0.7921000123023987], [0.7985000014305115], [0.8021000027656555], [0.7978000044822693], [0.8026999831199646, 0.0011142875467027938], [0.8004999756813049, 0.009521429027829851, 0.0021071434020996094], [0.7997999787330627, 0.0012785707201276506]]
Now 2 clients: [9, 10]
changes: [[0.661799967288971, -0.00038571442876543315], [0.7289000153541565, -0.0005071418625967843], [0.7680000066757202, -0.0002142829554421561], [0.7734999656677246], [0.7775999903678894, -0.0003071427345275879], [0.7857999801635742, 0.0005214299474443708, 0.0035571413380759104], [0.7860999703407288, -7.142765181405204e-05, 0.0005428578172411237], [0.7976999878883362], [0.7921000123023987], [0.7985000014305115, 0.00019999912806919644], [0.8021000027656555, 0.0004571420805794852], [0.7978000044822693], [0.8026999831199646, 0.0011142875467027938], [0.8004999756813049, 0.009521429027829851, 0.0021071434020996094], [0.7997999787330627, 0.0012785707201276506]]
Now 2 clients: [2, 9]
changes: [[0.661799967288971, -0.00038571442876543315], [0.7289000153541565, -0.0005071418625967843], [0.7680000066757202, -0.0002142829554421561, -0.0005571459020887103], [0.7734999656677246], [0.7775999903678894, -0.0003071427345275879], [0.7857999801635742, 0.0005214299474443708, 0.0035571413380759104], [0.7860999703407288, -7.142765181405204e-05, 0.0005428578172411237], [0.7976999878883362], [0.7921000123023987], [0.7985000014305115, 0.00019999912806919644, 0.0016214251518249512], [0.8021000027656555, 0.0004571420805794852], [0.7978000044822693], [0.8026999831199646, 0.0011142875467027938], [0.8004999756813049, 0.009521429027829851, 0.0021071434020996094], [0.7997999787330627, 0.0012785707201276506]]
Now 2 clients: [1, 2]
changes: [[0.661799967288971, -0.00038571442876543315], [0.7289000153541565, -0.0005071418625967843, -0.00030000294957842143], [0.7680000066757202, -0.0002142829554421561, -0.0005571459020887103, 0.0024928535733904156], [0.7734999656677246], [0.7775999903678894, -0.0003071427345275879], [0.7857999801635742, 0.0005214299474443708, 0.0035571413380759104], [0.7860999703407288, -7.142765181405204e-05, 0.0005428578172411237], [0.7976999878883362], [0.7921000123023987], [0.7985000014305115, 0.00019999912806919644, 0.0016214251518249512], [0.8021000027656555, 0.0004571420805794852], [0.7978000044822693], [0.8026999831199646, 0.0011142875467027938], [0.8004999756813049, 0.009521429027829851, 0.0021071434020996094], [0.7997999787330627, 0.0012785707201276506]]
Now 2 clients: [0, 5]
changes: [[0.661799967288971, -0.00038571442876543315, -0.0008357124669211251], [0.7289000153541565, -0.0005071418625967843, -0.00030000294957842143], [0.7680000066757202, -0.0002142829554421561, -0.0005571459020887103, 0.0024928535733904156], [0.7734999656677246], [0.7775999903678894, -0.0003071427345275879], [0.7857999801635742, 0.0005214299474443708, 0.0035571413380759104, 0.008021431309836251], [0.7860999703407288, -7.142765181405204e-05, 0.0005428578172411237], [0.7976999878883362], [0.7921000123023987], [0.7985000014305115, 0.00019999912806919644, 0.0016214251518249512], [0.8021000027656555, 0.0004571420805794852], [0.7978000044822693], [0.8026999831199646, 0.0011142875467027938], [0.8004999756813049, 0.009521429027829851, 0.0021071434020996094], [0.7997999787330627, 0.0012785707201276506]]
Now 2 clients: [5, 8]
changes: [[0.661799967288971, -0.00038571442876543315, -0.0008357124669211251], [0.7289000153541565, -0.0005071418625967843, -0.00030000294957842143], [0.7680000066757202, -0.0002142829554421561, -0.0005571459020887103, 0.0024928535733904156], [0.7734999656677246], [0.7775999903678894, -0.0003071427345275879], [0.7857999801635742, 0.0005214299474443708, 0.0035571413380759104, 0.008021431309836251, 0.0002714267798832485], [0.7860999703407288, -7.142765181405204e-05, 0.0005428578172411237], [0.7976999878883362], [0.7921000123023987, 0.0007214290755135673], [0.7985000014305115, 0.00019999912806919644, 0.0016214251518249512], [0.8021000027656555, 0.0004571420805794852], [0.7978000044822693], [0.8026999831199646, 0.0011142875467027938], [0.8004999756813049, 0.009521429027829851, 0.0021071434020996094], [0.7997999787330627, 0.0012785707201276506]]
Now 2 clients: [5, 14]
changes: [[0.661799967288971, -0.00038571442876543315, -0.0008357124669211251], [0.7289000153541565, -0.0005071418625967843, -0.00030000294957842143], [0.7680000066757202, -0.0002142829554421561, -0.0005571459020887103, 0.0024928535733904156], [0.7734999656677246], [0.7775999903678894, -0.0003071427345275879], [0.7857999801635742, 0.0005214299474443708, 0.0035571413380759104, 0.008021431309836251, 0.0002714267798832485, -0.00013571551867893765], [0.7860999703407288, -7.142765181405204e-05, 0.0005428578172411237], [0.7976999878883362], [0.7921000123023987, 0.0007214290755135673], [0.7985000014305115, 0.00019999912806919644, 0.0016214251518249512], [0.8021000027656555, 0.0004571420805794852], [0.7978000044822693], [0.8026999831199646, 0.0011142875467027938], [0.8004999756813049, 0.009521429027829851, 0.0021071434020996094], [0.7997999787330627, 0.0012785707201276506, 0.0008642843791416713]]
Now 2 clients: [4, 7]
changes: [[0.661799967288971, -0.00038571442876543315, -0.0008357124669211251], [0.7289000153541565, -0.0005071418625967843, -0.00030000294957842143], [0.7680000066757202, -0.0002142829554421561, -0.0005571459020887103, 0.0024928535733904156], [0.7734999656677246], [0.7775999903678894, -0.0003071427345275879, 2.142786979675293e-05], [0.7857999801635742, 0.0005214299474443708, 0.0035571413380759104, 0.008021431309836251, 0.0002714267798832485, -0.00013571551867893765], [0.7860999703407288, -7.142765181405204e-05, 0.0005428578172411237], [0.7976999878883362, 0.0014571419784000941], [0.7921000123023987, 0.0007214290755135673], [0.7985000014305115, 0.00019999912806919644, 0.0016214251518249512], [0.8021000027656555, 0.0004571420805794852], [0.7978000044822693], [0.8026999831199646, 0.0011142875467027938], [0.8004999756813049, 0.009521429027829851, 0.0021071434020996094], [0.7997999787330627, 0.0012785707201276506, 0.0008642843791416713]]
Now 2 clients: [1, 13]
changes: [[0.661799967288971, -0.00038571442876543315, -0.0008357124669211251], [0.7289000153541565, -0.0005071418625967843, -0.00030000294957842143, -0.0004071422985621861], [0.7680000066757202, -0.0002142829554421561, -0.0005571459020887103, 0.0024928535733904156], [0.7734999656677246], [0.7775999903678894, -0.0003071427345275879, 2.142786979675293e-05], [0.7857999801635742, 0.0005214299474443708, 0.0035571413380759104, 0.008021431309836251, 0.0002714267798832485, -0.00013571551867893765], [0.7860999703407288, -7.142765181405204e-05, 0.0005428578172411237], [0.7976999878883362, 0.0014571419784000941], [0.7921000123023987, 0.0007214290755135673], [0.7985000014305115, 0.00019999912806919644, 0.0016214251518249512], [0.8021000027656555, 0.0004571420805794852], [0.7978000044822693], [0.8026999831199646, 0.0011142875467027938], [0.8004999756813049, 0.009521429027829851, 0.0021071434020996094, 0.004707140581948417], [0.7997999787330627, 0.0012785707201276506, 0.0008642843791416713]]
Now 2 clients: [3, 12]
changes: [[0.661799967288971, -0.00038571442876543315, -0.0008357124669211251], [0.7289000153541565, -0.0005071418625967843, -0.00030000294957842143, -0.0004071422985621861], [0.7680000066757202, -0.0002142829554421561, -0.0005571459020887103, 0.0024928535733904156], [0.7734999656677246, -0.0003928584711892264], [0.7775999903678894, -0.0003071427345275879, 2.142786979675293e-05], [0.7857999801635742, 0.0005214299474443708, 0.0035571413380759104, 0.008021431309836251, 0.0002714267798832485, -0.00013571551867893765], [0.7860999703407288, -7.142765181405204e-05, 0.0005428578172411237], [0.7976999878883362, 0.0014571419784000941], [0.7921000123023987, 0.0007214290755135673], [0.7985000014305115, 0.00019999912806919644, 0.0016214251518249512], [0.8021000027656555, 0.0004571420805794852], [0.7978000044822693], [0.8026999831199646, 0.0011142875467027938, 0.00169285706111363], [0.8004999756813049, 0.009521429027829851, 0.0021071434020996094, 0.004707140581948417], [0.7997999787330627, 0.0012785707201276506, 0.0008642843791416713]]
Now 2 clients: [7, 9]
changes: [[0.661799967288971, -0.00038571442876543315, -0.0008357124669211251], [0.7289000153541565, -0.0005071418625967843, -0.00030000294957842143, -0.0004071422985621861], [0.7680000066757202, -0.0002142829554421561, -0.0005571459020887103, 0.0024928535733904156], [0.7734999656677246, -0.0003928584711892264], [0.7775999903678894, -0.0003071427345275879, 2.142786979675293e-05], [0.7857999801635742, 0.0005214299474443708, 0.0035571413380759104, 0.008021431309836251, 0.0002714267798832485, -0.00013571551867893765], [0.7860999703407288, -7.142765181405204e-05, 0.0005428578172411237], [0.7976999878883362, 0.0014571419784000941, 0.00037857038634163994], [0.7921000123023987, 0.0007214290755135673], [0.7985000014305115, 0.00019999912806919644, 0.0016214251518249512, 0.0004357142107827323], [0.8021000027656555, 0.0004571420805794852], [0.7978000044822693], [0.8026999831199646, 0.0011142875467027938, 0.00169285706111363], [0.8004999756813049, 0.009521429027829851, 0.0021071434020996094, 0.004707140581948417], [0.7997999787330627, 0.0012785707201276506, 0.0008642843791416713]]
Now 2 clients: [1, 10]
changes: [[0.661799967288971, -0.00038571442876543315, -0.0008357124669211251], [0.7289000153541565, -0.0005071418625967843, -0.00030000294957842143, -0.0004071422985621861, -0.0004571420805794852], [0.7680000066757202, -0.0002142829554421561, -0.0005571459020887103, 0.0024928535733904156], [0.7734999656677246, -0.0003928584711892264], [0.7775999903678894, -0.0003071427345275879, 2.142786979675293e-05], [0.7857999801635742, 0.0005214299474443708, 0.0035571413380759104, 0.008021431309836251, 0.0002714267798832485, -0.00013571551867893765], [0.7860999703407288, -7.142765181405204e-05, 0.0005428578172411237], [0.7976999878883362, 0.0014571419784000941, 0.00037857038634163994], [0.7921000123023987, 0.0007214290755135673], [0.7985000014305115, 0.00019999912806919644, 0.0016214251518249512, 0.0004357142107827323], [0.8021000027656555, 0.0004571420805794852, 0.004771428448813302], [0.7978000044822693], [0.8026999831199646, 0.0011142875467027938, 0.00169285706111363], [0.8004999756813049, 0.009521429027829851, 0.0021071434020996094, 0.004707140581948417], [0.7997999787330627, 0.0012785707201276506, 0.0008642843791416713]]
Now 2 clients: [9, 13]
changes: [[0.661799967288971, -0.00038571442876543315, -0.0008357124669211251], [0.7289000153541565, -0.0005071418625967843, -0.00030000294957842143, -0.0004071422985621861, -0.0004571420805794852], [0.7680000066757202, -0.0002142829554421561, -0.0005571459020887103, 0.0024928535733904156], [0.7734999656677246, -0.0003928584711892264], [0.7775999903678894, -0.0003071427345275879, 2.142786979675293e-05], [0.7857999801635742, 0.0005214299474443708, 0.0035571413380759104, 0.008021431309836251, 0.0002714267798832485, -0.00013571551867893765], [0.7860999703407288, -7.142765181405204e-05, 0.0005428578172411237], [0.7976999878883362, 0.0014571419784000941, 0.00037857038634163994], [0.7921000123023987, 0.0007214290755135673], [0.7985000014305115, 0.00019999912806919644, 0.0016214251518249512, 0.0004357142107827323, 0.00021428721291678294], [0.8021000027656555, 0.0004571420805794852, 0.004771428448813302], [0.7978000044822693], [0.8026999831199646, 0.0011142875467027938, 0.00169285706111363], [0.8004999756813049, 0.009521429027829851, 0.0021071434020996094, 0.004707140581948417, 0.000357142516544887], [0.7997999787330627, 0.0012785707201276506, 0.0008642843791416713]]
Now 2 clients: [5, 10]
changes: [[0.661799967288971, -0.00038571442876543315, -0.0008357124669211251], [0.7289000153541565, -0.0005071418625967843, -0.00030000294957842143, -0.0004071422985621861, -0.0004571420805794852], [0.7680000066757202, -0.0002142829554421561, -0.0005571459020887103, 0.0024928535733904156], [0.7734999656677246, -0.0003928584711892264], [0.7775999903678894, -0.0003071427345275879, 2.142786979675293e-05], [0.7857999801635742, 0.0005214299474443708, 0.0035571413380759104, 0.008021431309836251, 0.0002714267798832485, -0.00013571551867893765, 7.1397849491664345e-06], [0.7860999703407288, -7.142765181405204e-05, 0.0005428578172411237], [0.7976999878883362, 0.0014571419784000941, 0.00037857038634163994], [0.7921000123023987, 0.0007214290755135673], [0.7985000014305115, 0.00019999912806919644, 0.0016214251518249512, 0.0004357142107827323, 0.00021428721291678294], [0.8021000027656555, 0.0004571420805794852, 0.004771428448813302, 0.0011714271136692592], [0.7978000044822693], [0.8026999831199646, 0.0011142875467027938, 0.00169285706111363], [0.8004999756813049, 0.009521429027829851, 0.0021071434020996094, 0.004707140581948417, 0.000357142516544887], [0.7997999787330627, 0.0012785707201276506, 0.0008642843791416713]]
Now 2 clients: [5, 12]
changes: [[0.661799967288971, -0.00038571442876543315, -0.0008357124669211251], [0.7289000153541565, -0.0005071418625967843, -0.00030000294957842143, -0.0004071422985621861, -0.0004571420805794852], [0.7680000066757202, -0.0002142829554421561, -0.0005571459020887103, 0.0024928535733904156], [0.7734999656677246, -0.0003928584711892264], [0.7775999903678894, -0.0003071427345275879, 2.142786979675293e-05], [0.7857999801635742, 0.0005214299474443708, 0.0035571413380759104, 0.008021431309836251, 0.0002714267798832485, -0.00013571551867893765, 7.1397849491664345e-06, -0.00012857147625514438], [0.7860999703407288, -7.142765181405204e-05, 0.0005428578172411237], [0.7976999878883362, 0.0014571419784000941, 0.00037857038634163994], [0.7921000123023987, 0.0007214290755135673], [0.7985000014305115, 0.00019999912806919644, 0.0016214251518249512, 0.0004357142107827323, 0.00021428721291678294], [0.8021000027656555, 0.0004571420805794852, 0.004771428448813302, 0.0011714271136692592], [0.7978000044822693], [0.8026999831199646, 0.0011142875467027938, 0.00169285706111363, 0.0010785715920584543], [0.8004999756813049, 0.009521429027829851, 0.0021071434020996094, 0.004707140581948417, 0.000357142516544887], [0.7997999787330627, 0.0012785707201276506, 0.0008642843791416713]]
Now 2 clients: [6, 13]
changes: [[0.661799967288971, -0.00038571442876543315, -0.0008357124669211251], [0.7289000153541565, -0.0005071418625967843, -0.00030000294957842143, -0.0004071422985621861, -0.0004571420805794852], [0.7680000066757202, -0.0002142829554421561, -0.0005571459020887103, 0.0024928535733904156], [0.7734999656677246, -0.0003928584711892264], [0.7775999903678894, -0.0003071427345275879, 2.142786979675293e-05], [0.7857999801635742, 0.0005214299474443708, 0.0035571413380759104, 0.008021431309836251, 0.0002714267798832485, -0.00013571551867893765, 7.1397849491664345e-06, -0.00012857147625514438], [0.7860999703407288, -7.142765181405204e-05, 0.0005428578172411237, 4.285999706813267e-05], [0.7976999878883362, 0.0014571419784000941, 0.00037857038634163994], [0.7921000123023987, 0.0007214290755135673], [0.7985000014305115, 0.00019999912806919644, 0.0016214251518249512, 0.0004357142107827323, 0.00021428721291678294], [0.8021000027656555, 0.0004571420805794852, 0.004771428448813302, 0.0011714271136692592], [0.7978000044822693], [0.8026999831199646, 0.0011142875467027938, 0.00169285706111363, 0.0010785715920584543], [0.8004999756813049, 0.009521429027829851, 0.0021071434020996094, 0.004707140581948417, 0.000357142516544887, 0.001071431807109288], [0.7997999787330627, 0.0012785707201276506, 0.0008642843791416713]]
Now 2 clients: [0, 12]
changes: [[0.661799967288971, -0.00038571442876543315, -0.0008357124669211251, -0.0005928575992584229], [0.7289000153541565, -0.0005071418625967843, -0.00030000294957842143, -0.0004071422985621861, -0.0004571420805794852], [0.7680000066757202, -0.0002142829554421561, -0.0005571459020887103, 0.0024928535733904156], [0.7734999656677246, -0.0003928584711892264], [0.7775999903678894, -0.0003071427345275879, 2.142786979675293e-05], [0.7857999801635742, 0.0005214299474443708, 0.0035571413380759104, 0.008021431309836251, 0.0002714267798832485, -0.00013571551867893765, 7.1397849491664345e-06, -0.00012857147625514438], [0.7860999703407288, -7.142765181405204e-05, 0.0005428578172411237, 4.285999706813267e-05], [0.7976999878883362, 0.0014571419784000941, 0.00037857038634163994], [0.7921000123023987, 0.0007214290755135673], [0.7985000014305115, 0.00019999912806919644, 0.0016214251518249512, 0.0004357142107827323, 0.00021428721291678294], [0.8021000027656555, 0.0004571420805794852, 0.004771428448813302, 0.0011714271136692592], [0.7978000044822693], [0.8026999831199646, 0.0011142875467027938, 0.00169285706111363, 0.0010785715920584543, 0.009471429245812553], [0.8004999756813049, 0.009521429027829851, 0.0021071434020996094, 0.004707140581948417, 0.000357142516544887, 0.001071431807109288], [0.7997999787330627, 0.0012785707201276506, 0.0008642843791416713]]
Now 2 clients: [0, 4]
changes: [[0.661799967288971, -0.00038571442876543315, -0.0008357124669211251, -0.0005928575992584229, -0.0007428569453103202], [0.7289000153541565, -0.0005071418625967843, -0.00030000294957842143, -0.0004071422985621861, -0.0004571420805794852], [0.7680000066757202, -0.0002142829554421561, -0.0005571459020887103, 0.0024928535733904156], [0.7734999656677246, -0.0003928584711892264], [0.7775999903678894, -0.0003071427345275879, 2.142786979675293e-05, 0.007528573274612427], [0.7857999801635742, 0.0005214299474443708, 0.0035571413380759104, 0.008021431309836251, 0.0002714267798832485, -0.00013571551867893765, 7.1397849491664345e-06, -0.00012857147625514438], [0.7860999703407288, -7.142765181405204e-05, 0.0005428578172411237, 4.285999706813267e-05], [0.7976999878883362, 0.0014571419784000941, 0.00037857038634163994], [0.7921000123023987, 0.0007214290755135673], [0.7985000014305115, 0.00019999912806919644, 0.0016214251518249512, 0.0004357142107827323, 0.00021428721291678294], [0.8021000027656555, 0.0004571420805794852, 0.004771428448813302, 0.0011714271136692592], [0.7978000044822693], [0.8026999831199646, 0.0011142875467027938, 0.00169285706111363, 0.0010785715920584543, 0.009471429245812553], [0.8004999756813049, 0.009521429027829851, 0.0021071434020996094, 0.004707140581948417, 0.000357142516544887, 0.001071431807109288], [0.7997999787330627, 0.0012785707201276506, 0.0008642843791416713]]
Now 2 clients: [3, 9]
changes: [[0.661799967288971, -0.00038571442876543315, -0.0008357124669211251, -0.0005928575992584229, -0.0007428569453103202], [0.7289000153541565, -0.0005071418625967843, -0.00030000294957842143, -0.0004071422985621861, -0.0004571420805794852], [0.7680000066757202, -0.0002142829554421561, -0.0005571459020887103, 0.0024928535733904156], [0.7734999656677246, -0.0003928584711892264, -0.0004000025136130197], [0.7775999903678894, -0.0003071427345275879, 2.142786979675293e-05, 0.007528573274612427], [0.7857999801635742, 0.0005214299474443708, 0.0035571413380759104, 0.008021431309836251, 0.0002714267798832485, -0.00013571551867893765, 7.1397849491664345e-06, -0.00012857147625514438], [0.7860999703407288, -7.142765181405204e-05, 0.0005428578172411237, 4.285999706813267e-05], [0.7976999878883362, 0.0014571419784000941, 0.00037857038634163994], [0.7921000123023987, 0.0007214290755135673], [0.7985000014305115, 0.00019999912806919644, 0.0016214251518249512, 0.0004357142107827323, 0.00021428721291678294, 0.0013857143265860422], [0.8021000027656555, 0.0004571420805794852, 0.004771428448813302, 0.0011714271136692592], [0.7978000044822693], [0.8026999831199646, 0.0011142875467027938, 0.00169285706111363, 0.0010785715920584543, 0.009471429245812553], [0.8004999756813049, 0.009521429027829851, 0.0021071434020996094, 0.004707140581948417, 0.000357142516544887, 0.001071431807109288], [0.7997999787330627, 0.0012785707201276506, 0.0008642843791416713]]
Now 2 clients: [8, 10]
changes: [[0.661799967288971, -0.00038571442876543315, -0.0008357124669211251, -0.0005928575992584229, -0.0007428569453103202], [0.7289000153541565, -0.0005071418625967843, -0.00030000294957842143, -0.0004071422985621861, -0.0004571420805794852], [0.7680000066757202, -0.0002142829554421561, -0.0005571459020887103, 0.0024928535733904156], [0.7734999656677246, -0.0003928584711892264, -0.0004000025136130197], [0.7775999903678894, -0.0003071427345275879, 2.142786979675293e-05, 0.007528573274612427], [0.7857999801635742, 0.0005214299474443708, 0.0035571413380759104, 0.008021431309836251, 0.0002714267798832485, -0.00013571551867893765, 7.1397849491664345e-06, -0.00012857147625514438], [0.7860999703407288, -7.142765181405204e-05, 0.0005428578172411237, 4.285999706813267e-05], [0.7976999878883362, 0.0014571419784000941, 0.00037857038634163994], [0.7921000123023987, 0.0007214290755135673, 3.571169716971261e-05], [0.7985000014305115, 0.00019999912806919644, 0.0016214251518249512, 0.0004357142107827323, 0.00021428721291678294, 0.0013857143265860422], [0.8021000027656555, 0.0004571420805794852, 0.004771428448813302, 0.0011714271136692592, 0.0007499967302594866], [0.7978000044822693], [0.8026999831199646, 0.0011142875467027938, 0.00169285706111363, 0.0010785715920584543, 0.009471429245812553], [0.8004999756813049, 0.009521429027829851, 0.0021071434020996094, 0.004707140581948417, 0.000357142516544887, 0.001071431807109288], [0.7997999787330627, 0.0012785707201276506, 0.0008642843791416713]]
Now 2 clients: [0, 1]
changes: [[0.661799967288971, -0.00038571442876543315, -0.0008357124669211251, -0.0005928575992584229, -0.0007428569453103202, -0.000550001859664917], [0.7289000153541565, -0.0005071418625967843, -0.00030000294957842143, -0.0004071422985621861, -0.0004571420805794852, 0.004242858716419765], [0.7680000066757202, -0.0002142829554421561, -0.0005571459020887103, 0.0024928535733904156], [0.7734999656677246, -0.0003928584711892264, -0.0004000025136130197], [0.7775999903678894, -0.0003071427345275879, 2.142786979675293e-05, 0.007528573274612427], [0.7857999801635742, 0.0005214299474443708, 0.0035571413380759104, 0.008021431309836251, 0.0002714267798832485, -0.00013571551867893765, 7.1397849491664345e-06, -0.00012857147625514438], [0.7860999703407288, -7.142765181405204e-05, 0.0005428578172411237, 4.285999706813267e-05], [0.7976999878883362, 0.0014571419784000941, 0.00037857038634163994], [0.7921000123023987, 0.0007214290755135673, 3.571169716971261e-05], [0.7985000014305115, 0.00019999912806919644, 0.0016214251518249512, 0.0004357142107827323, 0.00021428721291678294, 0.0013857143265860422], [0.8021000027656555, 0.0004571420805794852, 0.004771428448813302, 0.0011714271136692592, 0.0007499967302594866], [0.7978000044822693], [0.8026999831199646, 0.0011142875467027938, 0.00169285706111363, 0.0010785715920584543, 0.009471429245812553], [0.8004999756813049, 0.009521429027829851, 0.0021071434020996094, 0.004707140581948417, 0.000357142516544887, 0.001071431807109288], [0.7997999787330627, 0.0012785707201276506, 0.0008642843791416713]]
Now 2 clients: [0, 8]
changes: [[0.661799967288971, -0.00038571442876543315, -0.0008357124669211251, -0.0005928575992584229, -0.0007428569453103202, -0.000550001859664917, -0.0006142854690551758], [0.7289000153541565, -0.0005071418625967843, -0.00030000294957842143, -0.0004071422985621861, -0.0004571420805794852, 0.004242858716419765], [0.7680000066757202, -0.0002142829554421561, -0.0005571459020887103, 0.0024928535733904156], [0.7734999656677246, -0.0003928584711892264, -0.0004000025136130197], [0.7775999903678894, -0.0003071427345275879, 2.142786979675293e-05, 0.007528573274612427], [0.7857999801635742, 0.0005214299474443708, 0.0035571413380759104, 0.008021431309836251, 0.0002714267798832485, -0.00013571551867893765, 7.1397849491664345e-06, -0.00012857147625514438], [0.7860999703407288, -7.142765181405204e-05, 0.0005428578172411237, 4.285999706813267e-05], [0.7976999878883362, 0.0014571419784000941, 0.00037857038634163994], [0.7921000123023987, 0.0007214290755135673, 3.571169716971261e-05, 0.00869286060333252], [0.7985000014305115, 0.00019999912806919644, 0.0016214251518249512, 0.0004357142107827323, 0.00021428721291678294, 0.0013857143265860422], [0.8021000027656555, 0.0004571420805794852, 0.004771428448813302, 0.0011714271136692592, 0.0007499967302594866], [0.7978000044822693], [0.8026999831199646, 0.0011142875467027938, 0.00169285706111363, 0.0010785715920584543, 0.009471429245812553], [0.8004999756813049, 0.009521429027829851, 0.0021071434020996094, 0.004707140581948417, 0.000357142516544887, 0.001071431807109288], [0.7997999787330627, 0.0012785707201276506, 0.0008642843791416713]]